1
0576	0	0576.PNG	0	0	
0577	0	0577.PNG	0	0	
0578	0	0578.PNG	0	0	
0579	0	0579.PNG	0	0	
0580	0	0580.PNG	0	0	
0581	0	0581.PNG	0	0	
0582	0	0582.PNG	0	0	
0583	0	0583.PNG	0	0	
0584	0	0584.PNG	0	0	
0585	0	0585.PNG	0	0	
0586	0	0586.PNG	0	0	
0587	0	0587.PNG	0	0	
0588	0	0588.PNG	0	0	
0589	0	0589.PNG	0	0	
0590	0	0590.PNG	0	0	
0591	0	0591.PNG	0	0	
0592	0	0592.PNG	0	0	
0593	0	0593.PNG	0	0	
0594	0	0594.PNG	0	0	
0595	1	0595.PNG	0	0595_label.PNG
0596	0	0596.PNG	0	0	
0597	0	0597.PNG	0	0	
0598	0	0598.PNG	0	0	
0599	0	0599.PNG	0	0	
0600	0	0600.PNG	0	0	
0601	0	0601.PNG	0	0	
0602	0	0602.PNG	0	0	
0603	0	0603.PNG	0	0	
0604	0	0604.PNG	0	0	
0605	0	0605.PNG	0	0	
0606	0	0606.PNG	0	0	
0607	0	0607.PNG	0	0	
0608	0	0608.PNG	0	0	
0609	0	0609.PNG	0	0	
0610	0	0610.PNG	0	0	
0611	0	0611.PNG	0	0	
0612	0	0612.PNG	0	0	
0613	0	0613.PNG	0	0	
0614	0	0614.PNG	0	0	
0615	0	0615.PNG	0	0	
0616	1	0616.PNG	0	0616_label.PNG
0617	0	0617.PNG	0	0	
0618	0	0618.PNG	0	0	
0619	0	0619.PNG	0	0	
0620	0	0620.PNG	0	0	
0621	0	0621.PNG	0	0	
0622	0	0622.PNG	0	0	
0623	0	0623.PNG	0	0	
0624	0	0624.PNG	0	0	
0625	0	0625.PNG	0	0	
0626	1	0626.PNG	0	0626_label.PNG
0627	0	0627.PNG	0	0	
0628	0	0628.PNG	0	0	
0629	0	0629.PNG	0	0	
0630	0	0630.PNG	0	0	
0631	0	0631.PNG	0	0	
0632	0	0632.PNG	0	0	
0633	0	0633.PNG	0	0	
0634	1	0634.PNG	0	0634_label.PNG
0635	1	0635.PNG	0	0635_label.PNG
0636	0	0636.PNG	0	0	
0637	0	0637.PNG	0	0	
0638	0	0638.PNG	0	0	
0639	0	0639.PNG	0	0	
0640	0	0640.PNG	0	0	
0641	0	0641.PNG	0	0	
0642	0	0642.PNG	0	0	
0643	0	0643.PNG	0	0	
0644	0	0644.PNG	0	0	
0645	0	0645.PNG	0	0	
0646	1	0646.PNG	0	0646_label.PNG
0647	0	0647.PNG	0	0	
0648	0	0648.PNG	0	0	
0649	0	0649.PNG	0	0	
0650	0	0650.PNG	0	0	
0651	0	0651.PNG	0	0	
0652	0	0652.PNG	0	0	
0653	0	0653.PNG	0	0	
0654	0	0654.PNG	0	0	
0655	0	0655.PNG	0	0	
0656	0	0656.PNG	0	0	
0657	0	0657.PNG	0	0	
0658	1	0658.PNG	0	0658_label.PNG
0659	0	0659.PNG	0	0	
0660	0	0660.PNG	0	0	
0661	0	0661.PNG	0	0	
0662	0	0662.PNG	0	0	
0663	1	0663.PNG	0	0663_label.PNG
0664	1	0664.PNG	0	0664_label.PNG
0665	0	0665.PNG	0	0	
0666	0	0666.PNG	0	0	
0667	0	0667.PNG	0	0	
0668	0	0668.PNG	0	0	
0669	0	0669.PNG	0	0	
0670	0	0670.PNG	0	0	
0671	0	0671.PNG	0	0	
0672	1	0672.PNG	0	0672_label.PNG
0673	0	0673.PNG	0	0	
0674	0	0674.PNG	0	0	
0675	0	0675.PNG	0	0	
0676	0	0676.PNG	0	0	
0677	0	0677.PNG	0	0	
0678	0	0678.PNG	0	0	
0679	0	0679.PNG	0	0	
0680	0	0680.PNG	0	0	
0681	0	0681.PNG	0	0	
0682	0	0682.PNG	0	0	
0683	0	0683.PNG	0	0	
0684	0	0684.PNG	0	0	
0685	0	0685.PNG	0	0	
0686	0	0686.PNG	0	0	
0687	0	0687.PNG	0	0	
0688	0	0688.PNG	0	0	
0689	0	0689.PNG	0	0	
0690	1	0690.PNG	0	0690_label.PNG
0691	1	0691.PNG	0	0691_label.PNG
0692	0	0692.PNG	0	0	
0693	0	0693.PNG	0	0	
0694	0	0694.PNG	0	0	
0695	0	0695.PNG	0	0	
0696	0	0696.PNG	0	0	
0697	0	0697.PNG	0	0	
0698	0	0698.PNG	0	0	
0699	0	0699.PNG	0	0	
0700	0	0700.PNG	0	0	
0701	0	0701.PNG	0	0	
0702	0	0702.PNG	0	0	
0703	0	0703.PNG	0	0	
0704	0	0704.PNG	0	0	
0705	0	0705.PNG	0	0	
0706	0	0706.PNG	0	0	
0707	0	0707.PNG	0	0	
0708	0	0708.PNG	0	0	
0709	0	0709.PNG	0	0	
0710	0	0710.PNG	0	0	
0711	0	0711.PNG	0	0	
0712	0	0712.PNG	0	0	
0713	0	0713.PNG	0	0	
0714	0	0714.PNG	0	0	
0715	0	0715.PNG	0	0	
0716	0	0716.PNG	0	0	
0717	0	0717.PNG	0	0	
0718	0	0718.PNG	0	0	
0719	0	0719.PNG	0	0	
0720	0	0720.PNG	0	0	
0721	0	0721.PNG	0	0	
0722	0	0722.PNG	0	0	
0723	0	0723.PNG	0	0	
0724	0	0724.PNG	0	0	
0725	0	0725.PNG	0	0	
0726	0	0726.PNG	0	0	
0727	0	0727.PNG	0	0	
0728	0	0728.PNG	0	0	
0729	1	0729.PNG	0	0729_label.PNG
0730	0	0730.PNG	0	0	
0731	0	0731.PNG	0	0	
0732	0	0732.PNG	0	0	
0733	0	0733.PNG	0	0	
0734	0	0734.PNG	0	0	
0735	0	0735.PNG	0	0	
0736	0	0736.PNG	0	0	
0737	0	0737.PNG	0	0	
0738	0	0738.PNG	0	0	
0739	0	0739.PNG	0	0	
0740	1	0740.PNG	0	0740_label.PNG
0741	1	0741.PNG	0	0741_label.PNG
0742	0	0742.PNG	0	0	
0743	0	0743.PNG	0	0	
0744	0	0744.PNG	0	0	
0745	0	0745.PNG	0	0	
0746	0	0746.PNG	0	0	
0747	0	0747.PNG	0	0	
0748	0	0748.PNG	0	0	
0749	1	0749.PNG	0	0749_label.PNG
0750	1	0750.PNG	0	0750_label.PNG
0751	0	0751.PNG	0	0	
0752	0	0752.PNG	0	0	
0753	0	0753.PNG	0	0	
0754	0	0754.PNG	0	0	
0755	1	0755.PNG	0	0755_label.PNG
0756	0	0756.PNG	0	0	
0757	0	0757.PNG	0	0	
0758	0	0758.PNG	0	0	
0759	0	0759.PNG	0	0	
0760	1	0760.PNG	0	0760_label.PNG
0761	1	0761.PNG	0	0761_label.PNG
0762	0	0762.PNG	0	0	
0763	0	0763.PNG	0	0	
0764	1	0764.PNG	0	0764_label.PNG
0765	0	0765.PNG	0	0	
0766	0	0766.PNG	0	0	
0767	0	0767.PNG	0	0	
0768	0	0768.PNG	0	0	
0769	0	0769.PNG	0	0	
0770	0	0770.PNG	0	0	
0771	0	0771.PNG	0	0	
0772	0	0772.PNG	0	0	
0773	0	0773.PNG	0	0	
0774	0	0774.PNG	0	0	
0775	0	0775.PNG	0	0	
0776	0	0776.PNG	0	0	
0777	0	0777.PNG	0	0	
0778	0	0778.PNG	0	0	
0779	0	0779.PNG	0	0	
0780	0	0780.PNG	0	0	
0781	1	0781.PNG	0	0781_label.PNG
0782	0	0782.PNG	0	0	
0783	0	0783.PNG	0	0	
0784	1	0784.PNG	0	0784_label.PNG
0785	0	0785.PNG	0	0	
0786	0	0786.PNG	0	0	
0787	0	0787.PNG	0	0	
0788	0	0788.PNG	0	0	
0789	0	0789.PNG	0	0	
0790	0	0790.PNG	0	0	
0791	0	0791.PNG	0	0	
0792	0	0792.PNG	0	0	
0793	0	0793.PNG	0	0	
0794	0	0794.PNG	0	0	
0795	0	0795.PNG	0	0	
0796	0	0796.PNG	0	0	
0797	0	0797.PNG	0	0	
0798	0	0798.PNG	0	0	
0799	0	0799.PNG	0	0	
0800	0	0800.PNG	0	0	
0801	0	0801.PNG	0	0	
0802	0	0802.PNG	0	0	
0803	0	0803.PNG	0	0	
0804	0	0804.PNG	0	0	
0805	0	0805.PNG	0	0	
0806	0	0806.PNG	0	0	
0807	0	0807.PNG	0	0	
0808	0	0808.PNG	0	0	
0809	0	0809.PNG	0	0	
0810	0	0810.PNG	0	0	
0811	0	0811.PNG	0	0	
0812	0	0812.PNG	0	0	
0813	0	0813.PNG	0	0	
0814	0	0814.PNG	0	0	
0815	1	0815.PNG	0	0815_label.PNG
0816	0	0816.PNG	0	0	
0817	0	0817.PNG	0	0	
0818	0	0818.PNG	0	0	
0819	0	0819.PNG	0	0	
0820	0	0820.PNG	0	0	
0821	0	0821.PNG	0	0	
0822	1	0822.PNG	0	0822_label.PNG
0823	0	0823.PNG	0	0	
0824	0	0824.PNG	0	0	
0825	0	0825.PNG	0	0	
0826	0	0826.PNG	0	0	
0827	0	0827.PNG	0	0	
0828	0	0828.PNG	0	0	
0829	0	0829.PNG	0	0	
0830	0	0830.PNG	0	0	
0831	0	0831.PNG	0	0	
0832	0	0832.PNG	0	0	
0833	0	0833.PNG	0	0	
0834	0	0834.PNG	0	0	
0835	0	0835.PNG	0	0	
0836	0	0836.PNG	0	0	
0837	1	0837.PNG	0	0837_label.PNG
0838	0	0838.PNG	0	0	
0839	0	0839.PNG	0	0	
0840	1	0840.PNG	0	0840_label.PNG
0841	0	0841.PNG	0	0	
0842	1	0842.PNG	0	0842_label.PNG
0843	0	0843.PNG	0	0	
0844	0	0844.PNG	0	0	
0845	0	0845.PNG	0	0	
0846	1	0846.PNG	0	0846_label.PNG
0847	0	0847.PNG	0	0	
0848	0	0848.PNG	0	0	
0849	0	0849.PNG	0	0	
0850	0	0850.PNG	0	0	
0851	0	0851.PNG	0	0	
0852	0	0852.PNG	0	0	
0853	0	0853.PNG	0	0	
0854	0	0854.PNG	0	0	
0855	0	0855.PNG	0	0	
0856	0	0856.PNG	0	0	
0857	0	0857.PNG	0	0	
0858	1	0858.PNG	0	0858_label.PNG
0859	0	0859.PNG	0	0	
0860	1	0860.PNG	0	0860_label.PNG
0861	0	0861.PNG	0	0	
0862	1	0862.PNG	0	0862_label.PNG
0863	0	0863.PNG	0	0	
0864	0	0864.PNG	0	0	
0865	0	0865.PNG	0	0	
0866	0	0866.PNG	0	0	
0867	0	0867.PNG	0	0	
0868	0	0868.PNG	0	0	
0869	0	0869.PNG	0	0	
0870	0	0870.PNG	0	0	
0871	0	0871.PNG	0	0	
0872	0	0872.PNG	0	0	
0873	1	0873.PNG	0	0873_label.PNG
0874	0	0874.PNG	0	0	
0875	0	0875.PNG	0	0	
0876	0	0876.PNG	0	0	
0877	0	0877.PNG	0	0	
0878	0	0878.PNG	0	0	
0879	0	0879.PNG	0	0	
0880	0	0880.PNG	0	0	
0881	1	0881.PNG	0	0881_label.PNG
0882	0	0882.PNG	0	0	
0883	0	0883.PNG	0	0	
0884	0	0884.PNG	0	0	
0885	0	0885.PNG	0	0	
0886	0	0886.PNG	0	0	
0887	0	0887.PNG	0	0	
0888	0	0888.PNG	0	0	
0889	0	0889.PNG	0	0	
0890	0	0890.PNG	0	0	
0891	0	0891.PNG	0	0	
0892	1	0892.PNG	0	0892_label.PNG
0893	1	0893.PNG	0	0893_label.PNG
0894	0	0894.PNG	0	0	
0895	0	0895.PNG	0	0	
0896	0	0896.PNG	0	0	
0897	1	0897.PNG	0	0897_label.PNG
0898	0	0898.PNG	0	0	
0899	0	0899.PNG	0	0	
0900	0	0900.PNG	0	0	
0901	0	0901.PNG	0	0	
0902	1	0902.PNG	0	0902_label.PNG
0903	0	0903.PNG	0	0	
0904	0	0904.PNG	0	0	
0905	0	0905.PNG	0	0	
0906	0	0906.PNG	0	0	
0907	0	0907.PNG	0	0	
0908	0	0908.PNG	0	0	
0909	0	0909.PNG	0	0	
0910	0	0910.PNG	0	0	
0911	0	0911.PNG	0	0	
0912	0	0912.PNG	0	0	
0913	0	0913.PNG	0	0	
0914	1	0914.PNG	0	0914_label.PNG
0915	0	0915.PNG	0	0	
0916	1	0916.PNG	0	0916_label.PNG
0917	0	0917.PNG	0	0	
0918	0	0918.PNG	0	0	
0919	0	0919.PNG	0	0	
0920	0	0920.PNG	0	0	
0921	0	0921.PNG	0	0	
0922	0	0922.PNG	0	0	
0923	0	0923.PNG	0	0	
0924	0	0924.PNG	0	0	
0925	0	0925.PNG	0	0	
0926	0	0926.PNG	0	0	
0927	0	0927.PNG	0	0	
0928	0	0928.PNG	0	0	
0929	1	0929.PNG	0	0929_label.PNG
0930	0	0930.PNG	0	0	
0931	0	0931.PNG	0	0	
0932	0	0932.PNG	0	0	
0933	0	0933.PNG	0	0	
0934	0	0934.PNG	0	0	
0935	0	0935.PNG	0	0	
0936	1	0936.PNG	0	0936_label.PNG
0937	0	0937.PNG	0	0	
0938	0	0938.PNG	0	0	
0939	0	0939.PNG	0	0	
0940	0	0940.PNG	0	0	
0941	0	0941.PNG	0	0	
0942	1	0942.PNG	0	0942_label.PNG
0943	0	0943.PNG	0	0	
0944	0	0944.PNG	0	0	
0945	0	0945.PNG	0	0	
0946	0	0946.PNG	0	0	
0947	0	0947.PNG	0	0	
0948	0	0948.PNG	0	0	
0949	0	0949.PNG	0	0	
0950	0	0950.PNG	0	0	
0951	0	0951.PNG	0	0	
0952	0	0952.PNG	0	0	
0953	0	0953.PNG	0	0	
0954	0	0954.PNG	0	0	
0955	0	0955.PNG	0	0	
0956	0	0956.PNG	0	0	
0957	0	0957.PNG	0	0	
0958	0	0958.PNG	0	0	
0959	0	0959.PNG	0	0	
0960	0	0960.PNG	0	0	
0961	0	0961.PNG	0	0	
0962	0	0962.PNG	0	0	
0963	0	0963.PNG	0	0	
0964	0	0964.PNG	0	0	
0965	0	0965.PNG	0	0	
0966	0	0966.PNG	0	0	
0967	0	0967.PNG	0	0	
0968	0	0968.PNG	0	0	
0969	0	0969.PNG	0	0	
0970	0	0970.PNG	0	0	
0971	0	0971.PNG	0	0	
0972	0	0972.PNG	0	0	
0973	1	0973.PNG	0	0973_label.PNG
0974	0	0974.PNG	0	0	
0975	0	0975.PNG	0	0	
0976	0	0976.PNG	0	0	
0977	0	0977.PNG	0	0	
0978	0	0978.PNG	0	0	
0979	0	0979.PNG	0	0	
0980	0	0980.PNG	0	0	
0981	0	0981.PNG	0	0	
0982	0	0982.PNG	0	0	
0983	0	0983.PNG	0	0	
0984	0	0984.PNG	0	0	
0985	0	0985.PNG	0	0	
0986	0	0986.PNG	0	0	
0987	0	0987.PNG	0	0	
0988	1	0988.PNG	0	0988_label.PNG
0989	0	0989.PNG	0	0	
0990	0	0990.PNG	0	0	
0991	0	0991.PNG	0	0	
0992	0	0992.PNG	0	0	
0993	0	0993.PNG	0	0	
0994	0	0994.PNG	0	0	
0995	0	0995.PNG	0	0	
0996	0	0996.PNG	0	0	
0997	0	0997.PNG	0	0	
0998	0	0998.PNG	0	0	
0999	0	0999.PNG	0	0	
1000	0	1000.PNG	0	0	
1001	0	1001.PNG	0	0	
1002	0	1002.PNG	0	0	
1003	0	1003.PNG	0	0	
1004	0	1004.PNG	0	0	
1005	0	1005.PNG	0	0	
1006	0	1006.PNG	0	0	
1007	0	1007.PNG	0	0	
1008	0	1008.PNG	0	0	
1009	0	1009.PNG	0	0	
1010	1	1010.PNG	0	1010_label.PNG
1011	0	1011.PNG	0	0	
1012	0	1012.PNG	0	0	
1013	0	1013.PNG	0	0	
1014	0	1014.PNG	0	0	
1015	0	1015.PNG	0	0	
1016	0	1016.PNG	0	0	
1017	0	1017.PNG	0	0	
1018	1	1018.PNG	0	1018_label.PNG
1019	0	1019.PNG	0	0	
1020	0	1020.PNG	0	0	
1021	0	1021.PNG	0	0	
1022	0	1022.PNG	0	0	
1023	0	1023.PNG	0	0	
1024	0	1024.PNG	0	0	
1025	0	1025.PNG	0	0	
1026	0	1026.PNG	0	0	
1027	0	1027.PNG	0	0	
1028	1	1028.PNG	0	1028_label.PNG
1029	0	1029.PNG	0	0	
1030	0	1030.PNG	0	0	
1031	0	1031.PNG	0	0	
1032	0	1032.PNG	0	0	
1033	0	1033.PNG	0	0	
1034	1	1034.PNG	0	1034_label.PNG
1035	0	1035.PNG	0	0	
1036	1	1036.PNG	0	1036_label.PNG
1037	0	1037.PNG	0	0	
1038	0	1038.PNG	0	0	
1039	0	1039.PNG	0	0	
1040	0	1040.PNG	0	0	
1041	1	1041.PNG	0	1041_label.PNG
1042	0	1042.PNG	0	0	
1043	0	1043.PNG	0	0	
1044	0	1044.PNG	0	0	
1045	0	1045.PNG	0	0	
1046	0	1046.PNG	0	0	
1047	0	1047.PNG	0	0	
1048	1	1048.PNG	0	1048_label.PNG
1049	0	1049.PNG	0	0	
1050	0	1050.PNG	0	0	
1051	0	1051.PNG	0	0	
1052	0	1052.PNG	0	0	
1053	0	1053.PNG	0	0	
1054	0	1054.PNG	0	0	
1055	0	1055.PNG	0	0	
1056	0	1056.PNG	0	0	
1057	0	1057.PNG	0	0	
1058	0	1058.PNG	0	0	
1059	0	1059.PNG	0	0	
1060	0	1060.PNG	0	0	
1061	0	1061.PNG	0	0	
1062	0	1062.PNG	0	0	
1063	0	1063.PNG	0	0	
1064	0	1064.PNG	0	0	
1065	0	1065.PNG	0	0	
1066	0	1066.PNG	0	0	
1067	0	1067.PNG	0	0	
1068	0	1068.PNG	0	0	
1069	0	1069.PNG	0	0	
1070	0	1070.PNG	0	0	
1071	0	1071.PNG	0	0	
1072	0	1072.PNG	0	0	
1073	0	1073.PNG	0	0	
1074	0	1074.PNG	0	0	
1075	0	1075.PNG	0	0	
1076	0	1076.PNG	0	0	
1077	0	1077.PNG	0	0	
1078	0	1078.PNG	0	0	
1079	0	1079.PNG	0	0	
1080	0	1080.PNG	0	0	
1081	0	1081.PNG	0	0	
1082	0	1082.PNG	0	0	
1083	0	1083.PNG	0	0	
1084	0	1084.PNG	0	0	
1085	0	1085.PNG	0	0	
1086	0	1086.PNG	0	0	
1087	1	1087.PNG	0	1087_label.PNG
1088	0	1088.PNG	0	0	
1089	0	1089.PNG	0	0	
1090	0	1090.PNG	0	0	
1091	0	1091.PNG	0	0	
1092	0	1092.PNG	0	0	
1093	0	1093.PNG	0	0	
1094	0	1094.PNG	0	0	
1095	0	1095.PNG	0	0	
1096	0	1096.PNG	0	0	
1097	0	1097.PNG	0	0	
1098	1	1098.PNG	0	1098_label.PNG
1099	0	1099.PNG	0	0	
1100	0	1100.PNG	0	0	
1101	0	1101.PNG	0	0	
1102	0	1102.PNG	0	0	
1103	0	1103.PNG	0	0	
1104	0	1104.PNG	0	0	
1105	0	1105.PNG	0	0	
1106	0	1106.PNG	0	0	
1107	0	1107.PNG	0	0	
1108	0	1108.PNG	0	0	
1109	0	1109.PNG	0	0	
1110	0	1110.PNG	0	0	
1111	0	1111.PNG	0	0	
1112	0	1112.PNG	0	0	
1113	0	1113.PNG	0	0	
1114	1	1114.PNG	0	1114_label.PNG
1115	0	1115.PNG	0	0	
1116	0	1116.PNG	0	0	
1117	1	1117.PNG	0	1117_label.PNG
1118	0	1118.PNG	0	0	
1119	0	1119.PNG	0	0	
1120	0	1120.PNG	0	0	
1121	0	1121.PNG	0	0	
1122	0	1122.PNG	0	0	
1123	0	1123.PNG	0	0	
1124	0	1124.PNG	0	0	
1125	0	1125.PNG	0	0	
1126	0	1126.PNG	0	0	
1127	0	1127.PNG	0	0	
1128	1	1128.PNG	0	1128_label.PNG
1129	1	1129.PNG	0	1129_label.PNG
1130	1	1130.PNG	0	1130_label.PNG
1131	1	1131.PNG	0	1131_label.PNG
1132	1	1132.PNG	0	1132_label.PNG
1133	1	1133.PNG	0	1133_label.PNG
1134	1	1134.PNG	0	1134_label.PNG
1135	1	1135.PNG	0	1135_label.PNG
1136	1	1136.PNG	0	1136_label.PNG
1137	1	1137.PNG	0	1137_label.PNG
1138	1	1138.PNG	0	1138_label.PNG
1139	1	1139.PNG	0	1139_label.PNG
1140	1	1140.PNG	0	1140_label.PNG
1141	1	1141.PNG	0	1141_label.PNG
1142	1	1142.PNG	0	1142_label.PNG
1143	1	1143.PNG	0	1143_label.PNG
1144	1	1144.PNG	0	1144_label.PNG
1145	1	1145.PNG	0	1145_label.PNG
1146	1	1146.PNG	0	1146_label.PNG
1147	1	1147.PNG	0	1147_label.PNG
1148	1	1148.PNG	0	1148_label.PNG
1149	1	1149.PNG	0	1149_label.PNG
1150	1	1150.PNG	0	1150_label.PNG
